4 288
2.277	7.840	400	175	0	1000	6
32.883	-1.779	400	175	0	1000	6
-49.554	-17.828	400	175	0	1000	6
3.690	-26.099	400	175	0	1000	6
-66.174	-37.811	13	19	94	327
2.673	-35.223	16	21	206	531
38.751	8.618	1	17	294	651
62.653	20.667	9	6	261	563
60.974	-6.110	20	6	85	406
-98.535	-39.532	2	19	87	309
8.411	-81.274	5	17	104	439
-14.569	26.056	10	19	226	449
-34.186	-76.697	10	2	270	551
55.145	-33.911	25	3	268	599
15.869	8.716	2	24	127	351
-63.416	-20.282	5	5	139	340
-9.357	-42.212	16	9	126	481
-53.619	3.729	24	20	192	453
53.491	-3.308	7	19	155	467
-22.614	-32.794	19	20	195	379
39.612	-1.550	15	4	151	403
16.705	-22.748	7	3	298	578
-51.245	-13.757	16	2	272	490
-29.907	14.380	20	23	221	529
-70.441	-27.911	21	6	196	544
-75.385	-30.811	7	17	219	411
10.590	-28.931	17	17	73	332
86.340	-45.935	11	3	82	303
3.864	34.583	6	16	282	630
-37.598	-42.114	4	15	195	550
69.440	1.379	16	23	128	405
-13.818	1.245	8	15	186	537
-27.124	-38.037	13	12	72	335
-69.348	-14.734	25	19	178	512
58.575	29.346	16	23	180	433
58.105	31.702	2	10	144	430
-62.250	-16.425	12	23	113	400
-66.382	13.586	12	22	226	465
68.030	-12.482	14	4	66	411
-30.701	-41.681	16	5	173	357
-55.389	-51.050	9	1	283	573
36.237	-2.655	16	11	261	489
-1.215	5.591	2	20	254	446
10.278	-23.950	21	25	179	538
-7.159	36.859	7	18	253	440
-90.204	61.169	3	4	165	524
46.368	65.082	5	10	72	425
13.348	31.372	12	17	142	452
-73.566	-28.839	9	7	277	564
-41.528	-37.097	11	4	203	439
-60.938	-27.246	17	3	97	402
38.312	54.376	10	12	96	340
26.306	11.975	5	13	155	513
10.297	-48.346	3	24	96	340
52.417	-28.363	1	16	85	280
-43.756	-39.343	3	2	212	448
49.316	11.395	5	7	197	488
45.593	4.346	25	15	101	359
-25.989	-15.814	14	12	104	337
65.253	-59.631	4	15	243	511
12.109	-34.387	14	17	129	329
12.390	-16.254	20	16	267	563
0.525	69.611	5	1	81	325
-8.679	7.770	22	9	264	512
41.467	-35.016	17	4	243	563
11.859	-34.973	19	3	256	508
-1.306	-58.063	9	1	155	423
6.024	-31.018	16	4	298	478
1.788	-32.544	19	6	234	577
29.272	-6.494	11	1	218	552
23.950	10.742	6	19	164	417
-65.887	40.912	23	1	276	592
-10.095	26.257	24	2	291	642
58.093	67.352	21	25	69	277
90.015	9.485	16	4	181	429
-6.622	15.216	15	4	81	286
-2.875	-42.841	23	13	121	406
-37.714	-7.306	22	18	71	361
44.171	-11.224	21	9	178	408
-58.704	-2.808	21	5	170	410
-3.912	10.071	21	12	215	509
-41.370	-1.495	7	22	288	594
58.179	27.563	15	9	261	516
-63.861	26.147	15	11	119	422
-56.793	-15.918	16	6	90	434
22.217	-27.509	13	19	143	325
-1.031	-14.838	22	10	277	513
-57.703	-10.480	1	1	144	324
80.847	6.299	22	10	221	554
2.887	10.822	24	20	219	575
-37.390	-7.800	6	18	226	459
-33.600	-26.740	5	1	63	391
95.197	24.231	14	11	218	419
-13.904	29.327	19	20	72	352
-53.461	9.296	16	12	291	473
67.578	13.007	20	17	281	545
-83.881	-53.265	12	16	218	399
30.255	-72.430	7	3	214	527
-22.333	-20.538	23	14	230	555
3.741	-35.461	9	12	211	395
-20.093	-43.982	19	9	207	524
-47.687	-21.100	17	1	108	463
-20.447	-13.849	1	7	62	411
34.515	3.967	25	7	159	370
20.514	-11.884	12	5	145	462
-46.039	-22.565	15	9	85	341
-39.630	25.385	16	15	122	434
-1.025	50.433	10	4	163	506
-28.632	23.486	24	10	195	481
-52.997	-16.248	24	21	244	446
-3.345	-22.955	18	2	248	529
-62.640	-26.349	21	6	141	344
25.403	0.531	21	1	63	412
-29.895	72.919	17	23	150	333
26.630	1.971	7	24	255	564
-9.814	35.004	14	16	108	309
-7.758	-42.426	8	18	128	388
28.918	-7.117	2	1	67	401
47.693	36.108	18	1	259	466
-53.168	5.206	10	21	265	596
17.560	13.214	17	8	244	488
6.836	-2.496	20	22	125	479
-17.322	97.260	9	23	136	337
22.406	26.532	25	11	197	414
-73.090	-13.251	6	15	87	286
-64.996	-4.578	16	14	286	630
-34.906	-43.903	11	16	262	557
-92.346	-4.517	9	25	95	299
0.647	-8.496	9	12	62	373
5.048	-37.323	18	9	174	355
-19.080	-14.178	10	20	194	538
-71.704	-11.450	11	22	147	420
-45.581	-28.717	14	13	141	353
-28.351	-23.914	15	24	182	497
-16.486	30.920	19	13	72	345
-83.423	-20.935	25	4	250	442
-12.054	-20.612	10	22	241	514
-7.184	-63.721	11	18	279	472
34.546	-8.881	11	25	195	477
-4.865	73.694	25	19	61	246
-36.005	-3.876	14	8	195	550
-28.400	-21.820	20	13	99	367
-56.281	-15.112	7	1	205	509
-11.017	42.151	1	1	94	413
-63.092	-62.573	15	5	68	402
29.486	79.944	2	2	88	294
-65.674	-0.238	7	22	286	627
46.130	-20.416	21	3	268	494
1.575	-16.364	19	2	78	326
40.277	-1.379	17	6	94	403
-15.271	42.249	23	19	285	527
33.215	-16.614	17	5	225	471
-72.388	13.074	20	25	121	365
-24.487	5.273	11	9	210	419
-6.598	-30.957	1	20	130	480
31.287	21.332	11	11	217	420
20.557	0.378	15	18	118	429
-67.200	-41.339	3	25	266	518
22.168	-40.375	21	22	95	429
31.165	2.222	5	25	167	490
74.634	30.219	11	14	199	386
60.699	81.116	6	21	137	469
-60.736	24.133	17	1	194	531
1.978	17.517	20	9	251	581
-80.566	-38.196	10	2	269	574
-49.927	-36.713	24	2	128	447
-60.449	-27.820	6	4	147	442
-78.748	-44.226	18	15	140	452
54.260	-9.259	15	11	133	346
-42.059	-26.636	6	15	262	554
-57.336	-16.718	10	15	156	483
-1.276	-13.330	7	16	248	561
-24.158	39.197	24	14	201	405
17.908	-40.442	3	25	133	342
59.833	-3.674	22	9	91	276
-3.510	6.256	1	23	188	446
40.167	8.594	4	16	114	332
-1.691	-54.376	12	10	286	552
-36.035	-17.065	14	4	202	521
7.275	-4.144	17	25	201	420
30.219	-6.830	20	20	110	467
-26.379	-63.055	19	5	90	434
28.772	-0.031	18	19	247	453
2.625	5.072	22	2	271	563
3.595	-21.600	14	13	67	347
-64.948	-10.956	14	19	265	593
18.671	-41.010	20	2	148	412
29.291	12.799	16	16	299	580
4.529	26.654	25	2	89	295
25.360	29.718	12	6	208	431
57.349	-15.405	1	3	254	576
-11.566	-19.012	11	20	114	362
-45.441	-71.808	18	13	215	491
2.197	-3.564	8	9	224	474
-1.855	-24.475	8	5	258	482
-59.851	-48.938	1	15	65	396
70.081	-17.816	23	22	218	458
-4.932	28.754	19	18	231	429
-46.625	-23.529	18	21	119	354
-49.872	-35.339	16	16	256	610
-67.499	8.142	7	22	216	437
31.195	-18.243	13	23	247	443
-42.139	-52.704	5	1	125	469
-15.094	18.933	3	1	118	436
-78.625	-24.341	22	13	173	527
51.471	-9.607	21	14	243	438
29.987	-31.061	18	18	69	331
46.741	1.453	14	5	223	544
-52.954	31.738	19	24	207	452
10.535	-61.432	18	11	83	424
-15.948	-56.012	12	5	210	507
-7.776	-54.730	21	1	112	400
11.047	-20.905	15	21	274	462
-24.359	-23.047	8	6	282	511
2.948	-20.398	5	6	158	391
-82.654	24.323	3	5	294	503
-12.134	42.065	2	23	177	389
-98.035	-36.359	5	16	202	511
-61.102	-13.477	3	18	247	584
-39.136	6.287	12	10	256	615
41.180	7.971	4	9	142	324
4.254	19.830	23	18	189	390
-34.143	-37.915	8	22	122	312
-4.559	23.566	7	24	156	388
37.891	-1.947	10	15	296	530
78.259	15.936	18	6	197	427
-8.661	-25.110	4	12	293	489
10.071	37.164	9	19	214	552
-42.621	-46.985	19	19	221	515
92.157	-94.183	5	17	178	416
32.202	-39.844	19	22	182	363
-55.231	-15.027	7	25	188	380
-26.746	-21.490	22	11	286	576
-75.513	-0.708	2	23	84	440
34.021	12.665	7	10	98	421
-2.643	-20.831	4	17	146	389
53.369	13.770	11	6	191	532
-14.948	-40.259	12	20	204	513
67.828	5.750	2	6	182	424
-13.220	-26.031	13	4	117	476
4.169	-32.617	22	25	231	437
-26.050	-33.313	6	7	142	464
31.964	-45.703	11	11	159	402
96.820	26.208	22	14	84	357
-44.696	-37.854	9	14	262	593
33.417	11.792	21	15	296	499
-35.187	19.226	8	2	151	340
-14.233	-74.988	4	14	62	246
37.158	-0.836	19	17	186	535
-51.697	-26.447	20	24	292	492
23.535	5.896	22	10	124	456
-18.433	53.711	10	20	262	515
-11.340	-17.621	20	11	296	561
-7.812	-35.895	10	16	165	389
3.522	26.941	23	3	160	481
-46.588	-22.266	5	11	151	414
-2.997	-0.549	25	10	266	613
32.147	17.151	7	18	178	475
32.019	13.007	16	20	87	441
-6.628	29.889	15	24	241	569
77.777	-25.397	9	16	146	437
30.707	65.704	19	2	255	528
-43.811	-43.036	11	14	168	483
49.561	16.827	19	10	125	454
-28.931	-0.439	10	22	258	583
40.363	16.382	20	14	225	462
22.748	40.674	17	15	194	536
-1.471	6.567	22	7	204	423
-1.190	16.864	24	20	216	541
8.032	41.821	5	1	153	335
-44.019	-22.784	5	24	111	393
12.366	-11.353	17	22	148	460
33.276	15.881	7	23	193	535
-34.790	-15.045	25	20	285	475
-96.857	-19.391	12	15	256	467
38.434	-5.353	11	14	83	366
-25.391	0.220	6	12	122	328
0.848	-31.860	13	4	118	351
-24.023	95.691	23	15	238	445
-4.272	35.468	15	12	184	499
-6.927	1.855	13	8	189	379
-70.953	-3.217	10	2	206	524
-32.648	-16.522	24	24	78	359
42.859	-21.680	13	5	131	363
5.182	6.403	12	8	212	425
36.920	-4.987	21	21	212	448
49.591	27.783	10	5	232	519
45.038	10.785	12	16	79	315
7.690	14.056	9	8	70	343
-60.907	18.640	5	24	167	374
-64.496	8.923	18	23	268	617
37.158	-14.990	24	6	291	475
